#Layer_Color=16711935
#
#Feature symbol names
#
$0 r3
$1 rect24.2656x279.6651
$2 rect27.7276x273.0124
$3 rect1643.4076x17.6084
$4 rect1644.8703x17

#
#Feature attribute names
#

#
#Layer features
#
L 2.199762 2.2243772 2.2018044 2.2020432 0 P 0
L 2.199762 2.2243772 2.202007 2.2477824 0 P 0
L 2.1997624 2.8936692 2.2018052 2.9160034 0 P 0
L 2.1997624 2.8936692 2.2020076 2.870264 0 P 0
L 2.2018044 2.2020432 2.2078644 2.18045 0 P 0
L 2.2018052 2.9160034 2.207865 2.9375964 0 P 0
L 2.202007 2.2477824 2.2086604 2.2703342 0 P 0
L 2.2020076 2.870264 2.2086608 2.8477124 0 P 0
L 2.2078644 2.18045 2.2177408 2.1603144 0 P 0
L 2.207865 2.9375964 2.2177412 2.957732 0 P 0
L 2.2086604 2.2703342 2.2194792 2.29121 0 P 0
L 2.2086608 2.8477124 2.2194796 2.8268368 0 P 0
L 2.2177408 2.1603144 2.2311056 2.1423044 0 P 0
L 2.2177412 2.957732 2.231106 2.975742 0 P 0
L 2.2194792 2.29121 2.2340692 2.3096484 0 P 0
L 2.2194796 2.8268368 2.2340696 2.8083984 0 P 0
L 2.2311056 2.1423044 2.2475156 2.1270172 0 P 0
L 2.231106 2.975742 2.2475162 2.9910292 0 P 0
L 2.2340692 2.3096484 2.251898 2.3249772 0 P 0
L 2.2340696 2.8083984 2.2518984 2.7930694 0 P 0
L 2.2475156 2.1270172 2.2664264 2.1149604 0 P 0
L 2.2475162 2.9910292 2.266427 3.003086 0 P 0
L 2.251898 2.3249772 2.272316 2.3366376 0 P 0
L 2.2518984 2.7930694 2.272316 2.7814092 0 P 0
L 2.2664264 2.1149604 2.2872104 2.106534 0 P 0
L 2.266427 3.003086 2.2872112 3.0115124 0 P 0
L 2.272316 2.3366376 2.294578 2.3442038 0 P 0
L 2.272316 2.7814092 2.294578 2.7738428 0 P 0
L 2.2872104 2.106534 2.3091784 2.1020176 0 P 0
L 2.2872112 3.0115124 2.3091788 3.0160288 0 P 0
L 2.294578 2.3442038 2.3178724 2.3474004 0 P 0
L 2.294578 2.7738428 2.3178724 2.7706464 0 P 0
L 2.3091784 2.1020176 2.331601 2.1015608 0 P 0
L 2.3091788 3.0160288 2.3316016 3.0164856 0 P 0
L 2.3178724 2.3474004 2.3178724 2.7706464 0 P 0
L 2.331601 2.1015608 2.3537344 2.1051788 0 P 0
L 2.3316016 3.0164856 2.353735 3.0128676 0 P 0
L 2.3537344 2.1051788 2.3748446 2.1127516 0 P 0
L 2.353735 3.0128676 2.3748452 3.0052948 0 P 0
L 2.3748446 2.1127516 2.3942308 2.1240282 0 P 0
L 2.3748452 3.0052948 2.3942312 2.9940182 0 P 0
L 2.3942308 2.1240282 2.41125 2.138634 0 P 0
L 2.3942312 2.9940182 2.4112504 2.9794124 0 P 0
L 2.41125 2.138634 2.4253372 2.1560848 0 P 0
L 2.4112504 2.9794124 2.4253376 2.9619614 0 P 0
L 2.4253372 2.1560848 2.4360254 2.1758016 0 P 0
L 2.4253376 2.9619614 2.4360258 2.9422448 0 P 0
L 2.4360254 2.1758016 2.4429598 2.19713 0 P 0
L 2.4360258 2.9422448 2.4429602 2.9209164 0 P 0
L 2.4429598 2.19713 2.4459104 2.2193624 0 P 0
L 2.4429602 2.9209164 2.4459108 2.898684 0 P 0
L 2.4459104 2.2193624 2.8691684 2.2193624 0 P 0
L 2.4459108 2.898684 2.8691684 2.8986844 0 P 0
L 2.8691684 2.2193624 2.8721534 2.1972484 0 P 0
L 2.8691684 2.8986844 2.8721536 2.9207952 0 P 0
L 2.8721534 2.1972484 2.8790892 2.1760392 0 P 0
L 2.8721536 2.9207952 2.8790896 2.9420012 0 P 0
L 2.8790892 2.1760392 2.8897472 2.1564346 0 P 0
L 2.8790896 2.9420012 2.889747 2.9616028 0 P 0
L 2.889747 2.9616028 2.9037744 2.9789532 0 P 0
L 2.8897472 2.1564346 2.9037756 2.1390812 0 P 0
L 2.9037744 2.9789532 2.920709 2.99348 0 P 0
L 2.9037756 2.1390812 2.9207116 2.1245516 0 P 0
L 2.920709 2.99348 2.939992 3.0047036 0 P 0
L 2.9207116 2.1245516 2.9399964 2.1133252 0 P 0
L 2.939992 3.0047036 2.9609872 3.012254 0 P 0
L 2.9399964 2.1133252 2.9609938 2.1057724 0 P 0
L 2.9609872 3.012254 2.9830018 3.015882 0 P 0
L 2.9609938 2.1057724 2.983011 2.102142 0 P 0
L 2.9830018 3.015882 3.0053096 3.0154676 0 P 0
L 2.983011 2.102142 3.0053216 2.1025544 0 P 0
L 2.9961504 2.6487924 2.9961674 2.6486328 0 P 0
L 2.9961504 2.6487924 2.9961692 2.6489592 0 P 0
L 2.9961674 2.6486328 2.996218 2.6484808 0 P 0
L 2.9961692 2.6489592 2.9962246 2.6491176 0 P 0
L 2.9961704 2.4701644 2.9961874 2.4703236 0 P 0
L 2.9961704 2.4701644 2.9961892 2.4699974 0 P 0
L 2.9961874 2.4703236 2.996238 2.470476 0 P 0
L 2.9961892 2.4699974 2.9962446 2.4698388 0 P 0
L 2.996218 2.6484808 2.9963 2.6483428 0 P 0
L 2.9962246 2.6491176 2.996314 2.64926 0 P 0
L 2.996238 2.470476 2.99632 2.4706138 0 P 0
L 2.9962446 2.4698388 2.996334 2.4696968 0 P 0
L 2.9963 2.6483428 2.9964092 2.6482256 0 P 0
L 2.996314 2.64926 2.9964328 2.6493788 0 P 0
L 2.99632 2.4706138 2.9964292 2.4707312 0 P 0
L 2.996334 2.4696968 2.9964528 2.469578 0 P 0
L 2.9964092 2.6482256 2.9965408 2.648134 0 P 0
L 2.9964292 2.4707312 2.9965608 2.4708226 0 P 0
L 2.9964328 2.6493788 2.9965748 2.649468 0 P 0
L 2.9964528 2.469578 2.9965948 2.4694886 0 P 0
L 2.9965408 2.648134 2.996689 2.6480728 0 P 0
L 2.9965608 2.4708226 2.996709 2.470884 0 P 0
L 2.9965748 2.649468 2.9967334 2.6495236 0 P 0
L 2.9965948 2.4694886 2.9967534 2.4694332 0 P 0
L 2.996689 2.6480728 2.9968468 2.6480442 0 P 0
L 2.996709 2.470884 2.9968668 2.4709124 0 P 0
L 2.9967334 2.6495236 2.9969004 2.6495424 0 P 0
L 2.9967534 2.4694332 2.9969204 2.4694144 0 P 0
L 2.9968468 2.6480442 2.997007 2.64805 0 P 0
L 2.9968668 2.4709124 2.997027 2.4709068 0 P 0
L 2.9969004 2.6495424 2.9969004 2.7706458 0 P 0
L 2.9969004 2.7706458 3.020046 2.7738152 0 P 0
L 2.9969204 2.3474008 2.9969204 2.4694144 0 P 0
L 2.9969204 2.3474008 3.02007 2.3442312 0 P 0
L 2.997007 2.64805 2.9971624 2.6480896 0 P 0
L 2.997027 2.4709068 2.9971824 2.470867 0 P 0
L 2.9971624 2.6480896 2.9973058 2.6481614 0 P 0
L 2.9971824 2.470867 2.9973258 2.4707952 0 P 0
L 2.9973058 2.6481614 2.9974306 2.648262 0 P 0
L 2.9973258 2.4707952 2.9974506 2.4706946 0 P 0
L 2.9974306 2.648262 3.007398 2.6382946 0 P 0
L 2.9974506 2.4706946 3.00651 2.479754 0 P 0
L 3.0053096 3.0154676 3.0271744 3.0110248 0 P 0
L 3.0053216 2.1025544 3.0271896 2.1069956 0 P 0
L 3.0062904 2.4802844 3.0063068 2.4804402 0 P 0
L 3.0062904 2.4802844 3.006316 2.4800902 0 P 0
L 3.0063068 2.4804402 3.0063552 2.4805894 0 P 0
L 3.006316 2.4800902 3.0063908 2.4799092 0 P 0
L 3.0063552 2.4805894 3.0064336 2.4807252 0 P 0
L 3.0063908 2.4799092 3.00651 2.479754 0 P 0
L 3.0064336 2.4807252 3.0065384 2.4808416 0 P 0
L 3.0065384 2.4808416 3.0066652 2.4809338 0 P 0
L 3.0066652 2.4809338 3.0068084 2.4809976 0 P 0
L 3.0068084 2.4809976 3.006962 2.4810302 0 P 0
L 3.006962 2.4810302 3.0071188 2.4810302 0 P 0
L 3.0071188 2.4810302 3.007272 2.4809976 0 P 0
L 3.0071784 2.6377644 3.0071948 2.6376084 0 P 0
L 3.0071784 2.6377644 3.007204 2.6379584 0 P 0
L 3.0071948 2.6376084 3.0072432 2.6374592 0 P 0
L 3.007204 2.6379584 3.0072788 2.6381392 0 P 0
L 3.0072432 2.6374592 3.0073216 2.6373236 0 P 0
L 3.007272 2.4809976 3.0074152 2.4809338 0 P 0
L 3.0072788 2.6381392 3.007398 2.6382946 0 P 0
L 3.0073216 2.6373236 3.0074264 2.6372068 0 P 0
L 3.0074152 2.4809338 3.0075422 2.4808416 0 P 0
L 3.0074264 2.6372068 3.0075532 2.6371148 0 P 0
L 3.0075422 2.4808416 3.0076472 2.4807252 0 P 0
L 3.0075532 2.6371148 3.0076964 2.637051 0 P 0
L 3.0076472 2.4807252 3.0077256 2.4805894 0 P 0
L 3.0076964 2.637051 3.00785 2.6370184 0 P 0
L 3.0077256 2.4805894 3.007774 2.4804402 0 P 0
L 3.007774 2.4804402 3.0077904 2.4802844 0 P 0
L 3.0077904 2.4802844 4.6417244 2.4802844 0 P 0
L 3.00785 2.6370184 3.0080068 2.6370184 0 P 0
L 3.0080068 2.6370184 3.00816 2.637051 0 P 0
L 3.00816 2.637051 3.0083032 2.6371148 0 P 0
L 3.0083032 2.6371148 3.0084302 2.6372068 0 P 0
L 3.0084302 2.6372068 3.0085352 2.6373236 0 P 0
L 3.0085352 2.6373236 3.0086136 2.6374592 0 P 0
L 3.0086136 2.6374592 3.008662 2.6376084 0 P 0
L 3.008662 2.6376084 3.0086784 2.6377644 0 P 0
L 3.0086784 2.6377644 4.6427244 2.6377644 0 P 0
L 3.020046 2.7738152 3.0421728 2.7813094 0 P 0
L 3.02007 2.3442312 3.0422012 2.336736 0 P 0
L 3.0271744 3.0110248 3.0478746 3.0027004 0 P 0
L 3.0271896 2.1069956 3.0478936 2.1153192 0 P 0
L 3.0421728 2.7813094 3.0624806 2.7928574 0 P 0
L 3.0422012 2.336736 3.0625128 2.325186 0 P 0
L 3.0478746 3.0027004 3.0667276 2.9907684 0 P 0
L 3.0478936 2.1153192 3.0667504 2.1272508 0 P 0
L 3.0624806 2.7928574 3.0802348 2.8080416 0 P 0
L 3.0625128 2.325186 3.08027 2.3099994 0 P 0
L 3.0667276 2.9907684 3.0831112 2.975623 0 P 0
L 3.0667504 2.1272508 3.083138 2.1423962 0 P 0
L 3.0802348 2.8080416 3.0947928 2.8263124 0 P 0
L 3.08027 2.3099994 3.0948312 2.2917254 0 P 0
L 3.0831112 2.975623 3.0964848 2.9577638 0 P 0
L 3.083138 2.1423962 3.0965156 2.160256 0 P 0
L 3.0947928 2.8263124 3.1056286 2.8470088 0 P 0
L 3.0948312 2.2917254 3.1056688 2.2710252 0 P 0
L 3.0964848 2.9577638 3.1064072 2.93778 0 P 0
L 3.0965156 2.160256 3.1064416 2.1802412 0 P 0
L 3.1056286 2.8470088 3.1123498 2.8693828 0 P 0
L 3.1056688 2.2710252 3.1123912 2.2486472 0 P 0
L 3.1064072 2.93778 3.1125508 2.916331 0 P 0
L 3.1064416 2.1802412 3.1125892 2.2016922 0 P 0
L 3.1123498 2.8693828 3.1147132 2.8926244 0 P 0
L 3.1123912 2.2486472 3.1147552 2.2254012 0 P 0
L 3.1125508 2.916331 3.1147132 2.8941244 0 P 0
L 3.1125892 2.2016922 3.1147552 2.2239012 0 P 0
L 3.1139656 2.8933744 3.1139844 2.893208 0 P 0
L 3.1139656 2.8933744 3.1139844 2.8935412 0 P 0
L 3.1139844 2.893208 3.1140396 2.8930496 0 P 0
L 3.1139844 2.8935412 3.1140396 2.8936992 0 P 0
L 3.1140076 2.2246512 3.1140262 2.2244848 0 P 0
L 3.1140076 2.2246512 3.1140262 2.224818 0 P 0
L 3.1140262 2.2244848 3.1140816 2.2243264 0 P 0
L 3.1140262 2.224818 3.1140816 2.224976 0 P 0
L 3.1140396 2.8930496 3.1141286 2.8929076 0 P 0
L 3.1140396 2.8936992 3.1141286 2.8938414 0 P 0
L 3.1140816 2.2243264 3.1141704 2.2241844 0 P 0
L 3.1140816 2.224976 3.1141704 2.2251182 0 P 0
L 3.1141286 2.8929076 3.114247 2.8927888 0 P 0
L 3.1141286 2.8938414 3.114247 2.89396 0 P 0
L 3.1141704 2.2241844 3.1142888 2.2240658 0 P 0
L 3.1141704 2.2251182 3.1142888 2.2252368 0 P 0
L 3.114247 2.8927888 3.1143888 2.8926996 0 P 0
L 3.114247 2.89396 3.1143888 2.8940496 0 P 0
L 3.1142888 2.2240658 3.1144304 2.2239764 0 P 0
L 3.1142888 2.2252368 3.1144306 2.2253264 0 P 0
L 3.1143888 2.8926996 3.1145468 2.8926436 0 P 0
L 3.1143888 2.8940496 3.1145468 2.8941052 0 P 0
L 3.1144304 2.2239764 3.1145886 2.2239206 0 P 0
L 3.1144306 2.2253264 3.1145888 2.225382 0 P 0
L 3.1145468 2.8926436 3.1147132 2.8926244 0 P 0
L 3.1145468 2.8941052 3.1147132 2.8941244 0 P 0
L 3.1145886 2.2239206 3.1147552 2.2239012 0 P 0
L 3.1145888 2.225382 3.1147552 2.2254012 0 P 0
L 3.9170472 1.9684722 3.9170472 2.2243776 0 P 0
L 3.9170472 1.9684722 3.9195148 1.9465704 0 P 0
L 3.9170472 2.2243776 3.9761024 2.2834328 0 P 0
L 3.9170472 2.8936692 3.9170472 3.1495746 0 P 0
L 3.9170472 2.8936692 3.9761024 2.834614 0 P 0
L 3.9170472 3.1495746 3.9195148 3.1714764 0 P 0
L 3.9195148 1.9465704 3.9267944 1.9257672 0 P 0
L 3.9195148 3.1714764 3.9267944 3.1922796 0 P 0
L 3.9267944 1.9257672 3.9385204 1.9071052 0 P 0
L 3.9267944 3.1922796 3.9385204 3.2109416 0 P 0
L 3.9385204 1.9071052 3.9541052 1.8915204 0 P 0
L 3.9385204 3.2109416 3.9541052 3.2265264 0 P 0
L 3.9541052 1.8915204 3.9727672 1.8797942 0 P 0
L 3.9541052 3.2265264 3.9727672 3.2382526 0 P 0
L 3.9727672 1.8797942 3.9935704 1.8725148 0 P 0
L 3.9727672 3.2382526 3.9935704 3.245532 0 P 0
L 3.9761024 2.2834328 4.5501888 2.2834328 0 P 0
L 3.9761024 2.834614 4.5469684 2.834614 0 P 0
L 3.9935704 1.8725148 4.0154724 1.870047 0 P 0
L 3.9935704 3.245532 4.0154724 3.2479998 0 P 0
L 4.0154724 1.870047 4.310748 1.870047 0 P 0
L 4.0154724 3.2479998 4.310748 3.2479998 0 P 0
L 4.310748 1.870047 4.3478062 1.9071052 0 P 0
L 4.310748 3.2479998 4.3478062 3.2109416 0 P 0
L 4.3478062 1.9071052 4.864241 1.9071052 0 P 0
L 4.3478062 3.2109416 4.864241 3.2109416 0 P 0
L 4.5469684 2.834614 4.6427244 2.738858 0 P 0
L 4.5501888 2.2834328 4.6417244 2.3749684 0 P 0
L 4.6417244 2.3749684 4.6417244 2.4802844 0 P 0
L 4.6427244 2.6377644 4.6427244 2.738858 0 P 0
L 4.864241 1.9071052 4.9012992 1.870047 0 P 0
L 4.864241 3.2109416 4.9012992 3.2479998 0 P 0
L 4.9012992 1.870047 5.1965748 1.870047 0 P 0
L 4.9012992 3.2479998 5.1965748 3.2479998 0 P 0
L 4.9657244 2.3509388 4.9657244 2.9379684 0 P 0
L 4.9657244 2.3509388 4.9671204 2.3403348 0 P 0
L 4.9657244 2.9379684 4.9690972 2.9635868 0 P 0
L 4.9671204 2.3403348 4.9712132 2.3304536 0 P 0
L 4.9690972 2.9635868 4.9789856 2.9874596 0 P 0
L 4.9712132 2.3304536 4.9777244 2.3219684 0 P 0
L 4.9777244 2.3219684 4.9918664 2.3111168 0 P 0
L 4.9789856 2.9874596 4.9947156 3.0079596 0 P 0
L 4.9918664 2.3111168 5.0083352 2.304295 0 P 0
L 4.9947156 3.0079596 4.9977244 3.0109684 0 P 0
L 4.9977244 3.0109684 5.0147976 3.02498 0 P 0
L 5.0083352 2.304295 5.0260088 2.3019684 0 P 0
L 5.0147976 3.02498 5.0342768 3.035392 0 P 0
L 5.0260088 2.3019684 5.0348544 2.3019684 0 P 0
L 5.0342768 3.035392 5.0554128 3.0418034 0 P 0
L 5.0348544 2.3019684 5.051644 2.3041788 0 P 0
L 5.051644 2.3041788 5.0672892 2.3106592 0 P 0
L 5.0554128 3.0418034 5.0773932 3.0439684 0 P 0
L 5.0672892 2.3106592 5.0807244 2.3209684 0 P 0
L 5.0773932 3.0439684 5.2827244 3.0439684 0 P 0
L 5.0807244 2.3209684 5.089948 2.3329892 0 P 0
L 5.089948 2.3329892 5.0957464 2.3469876 0 P 0
L 5.0957464 2.3469876 5.0977244 2.36201 0 P 0
L 5.0977244 2.36201 5.0977244 2.902483 0 P 0
L 5.0977244 2.902483 5.0984224 2.907785 0 P 0
L 5.0984224 2.907785 5.1004688 2.9127256 0 P 0
L 5.1004688 2.9127256 5.1037244 2.9169684 0 P 0
L 5.1037244 2.9169684 5.1100884 2.9218516 0 P 0
L 5.1100884 2.9218516 5.1174992 2.9249212 0 P 0
L 5.1174992 2.9249212 5.125452 2.9259684 0 P 0
L 5.125452 2.9259684 5.2837244 2.9259684 0 P 0
L 5.1965748 1.870047 5.2184764 1.8725148 0 P 0
L 5.1965748 3.2479998 5.2184764 3.245532 0 P 0
L 5.2184764 1.8725148 5.23928 1.8797942 0 P 0
L 5.2184764 3.245532 5.23928 3.2382526 0 P 0
L 5.23928 1.8797942 5.2579416 1.8915204 0 P 0
L 5.23928 3.2382526 5.2579416 3.2265264 0 P 0
L 5.2579416 1.8915204 5.2735264 1.9071052 0 P 0
L 5.2579416 3.2265264 5.2735264 3.2109416 0 P 0
L 5.2735264 1.9071052 5.2852528 1.9257672 0 P 0
L 5.2735264 3.2109416 5.2852528 3.1922796 0 P 0
L 5.2827244 3.0439684 5.295 3.056244 0 P 0
L 5.2837244 2.9259684 5.295 2.9146928 0 P 0
L 5.2852528 1.9257672 5.292532 1.9465704 0 P 0
L 5.2852528 3.1922796 5.292532 3.1714764 0 P 0
L 5.292532 1.9465704 5.295 1.9684722 0 P 0
L 5.292532 3.1714764 5.295 3.1495746 0 P 0
L 5.295 1.9684722 5.295 2.9146928 0 P 0
L 5.295 3.056244 5.295 3.1495746 0 P 0
P 3.8182962 2.6288042 3 P 0 0
P 3.8190267 2.4915 4 P 0 0
P 5.1115882 2.4834938 2 P 0 0
P 5.2778672 2.4801674 1 P 0 0
